100
29224 65831
66568 82954
2978 56800
24885 58356
32598 85653
41094 72935
23035 61121
16263 84671
54820 96997
55058 58849
88244 95204
6520 33819
61034 67760
17105 22467
4961 41989
12150 66232
15418 19836
68142 92803
3947 30970
36756 71012
12201 90653
5203 64722
11685 54008
2838 41412
75735 89639
35988 43876
10946 87973
6061 17961
11428 94411
25957 85694
23798 42534
53541 76137
16071 77605
65577 93643
64144 87989
11603 91924
20505 95445
26891 37150
17404 84691
52575 70945
23278 93250
2857 49108
67567 90362
9962 88071
2158 58403
22278 49627
11310 32762
58617 64279
47629 79770
13492 94757
65275 81163
21366 68403
37355 96927
41415 96761
29001 41237
27865 56663
20941 54330
21167 44184
17070 90548
70955 86581
46394 52581
67743 67759
20983 21449
23028 77742
34404 70389
70077 71696
24718 69031
29566 32194
27386 72294
23947 48368
43787 97663
20224 23826
10566 51336
26322 51635
30223 66284
16389 62622
18809 54934
64090 94289
8303 66031
48053 89562
37009 74970
40897 63331
26605 93966
12735 56827
60249 77981
8401 74625
25277 43561
29559 34861
38186 50405
74633 84506
14007 47667
41633 95801
22426 72412
11834 47702
15973 41392
6955 53452
53797 60028
38452 39326
18261 62328
34740 90653
