369
333 405
50 260
342 499
292 433
23 445
146 222
362 380
277 479
314 327
90 315
141 492
78 433
291 464
128 280
76 79
223 290
150 229
44 167
158 248
242 331
110 317
375 490
13 257
105 232
70 275
13 355
197 409
91 425
255 352
54 262
357 387
144 369
242 340
130 220
332 384
71 292
95 344
478 500
66 179
461 497
283 430
225 376
121 354
407 432
190 236
40 496
324 500
344 412
19 227
123 224
172 406
5 249
102 416
227 378
31 211
224 289
142 413
410 415
194 286
361 475
74 365
130 276
48 450
286 467
21 138
296 381
215 399
6 267
254 487
110 286
120 157
87 405
51 205
282 329
143 348
79 148
114 333
57 411
58 450
129 461
155 262
141 149
109 219
286 336
230 431
387 482
14 343
61 422
105 401
282 489
445 495
170 482
248 458
470 482
229 370
390 398
351 382
100 233
12 494
222 451
57 345
178 371
175 407
156 443
298 465
157 397
376 464
396 419
204 452
116 434
199 397
68 355
191 364
13 263
11 40
68 380
403 463
150 458
314 486
14 246
266 403
37 391
156 379
426 496
172 221
14 486
206 395
140 360
262 380
265 269
390 393
21 261
92 416
101 194
126 399
160 367
349 417
83 222
177 467
99 341
308 423
220 408
133 253
182 267
144 307
18 304
26 160
157 226
76 239
272 304
60 280
182 246
192 338
77 418
465 494
52 170
123 203
273 389
96 493
91 111
115 414
183 452
231 458
19 463
16 112
78 247
306 412
368 428
15 152
35 353
46 276
272 482
52 143
303 326
185 380
112 229
156 199
403 477
338 479
183 353
57 176
9 100
18 423
253 468
330 467
196 240
307 473
97 363
264 467
56 390
21 297
52 272
35 398
367 452
400 414
386 415
94 438
152 413
8 437
178 235
406 426
11 149
22 414
120 289
78 466
18 218
28 195
304 433
120 432
10 482
267 391
198 238
180 365
21 355
49 432
1 294
224 248
144 161
453 483
165 499
110 185
205 238
85 254
21 417
125 383
258 478
28 481
6 152
99 231
9 407
17 295
70 350
70 79
86 179
408 466
160 345
75 162
17 209
243 385
4 375
320 339
234 291
103 284
270 411
147 430
386 416
77 205
106 278
207 301
80 411
65 313
306 308
403 413
65 194
21 459
59 290
301 367
283 491
95 240
41 199
64 105
414 500
169 485
284 288
137 324
281 350
168 244
268 407
51 331
16 461
158 257
5 178
241 289
133 244
153 300
339 374
44 157
86 212
97 403
274 454
81 366
153 353
78 121
199 423
273 379
20 221
282 293
26 214
10 119
111 457
28 459
163 266
199 262
152 425
95 285
69 120
239 460
270 422
149 432
23 425
1 234
102 245
140 353
332 489
39 218
2 480
256 413
105 490
80 405
10 119
123 303
157 476
134 217
305 413
181 377
274 439
216 231
135 289
91 422
465 471
63 458
162 220
222 342
117 224
207 396
36 135
53 250
220 417
121 135
226 282
206 447
331 407
58 247
93 110
53 110
232 258
262 306
32 92
65 186
195 287
47 396
367 385
251 424
310 364
263 414
72 136
182 367
316 365
138 299
60 375
233 272
98 347
186 201
336 337
46 425
375 393
4 489
106 171
110 464
368 410
103 265
186 330
212 375
27 303
214 311
142 212
41 360
314 427
64 146
