876
13002 292275
93471 533279
147296 663632
245769 850581
525535 859361
539319 779844
41276 518051
322707 915188
105850 335708
315349 817284
498738 978997
480915 996316
556346 621089
328928 928904
238036 384598
282691 741707
688306 904892
353998 909115
229403 369087
416082 977308
687197 972427
170393 952585
269034 806178
691616 932659
208754 573370
550678 800977
629966 665425
14672 301162
298493 315306
405028 497505
164785 472057
298481 311102
137481 184794
543097 560746
670755 855454
334011 522481
381279 865034
665091 963684
238863 963583
636445 668317
188776 934925
293970 590461
277179 576638
766715 950677
339555 663553
233709 647019
315335 510373
352981 957499
639782 891056
279641 629290
458007 735624
393489 601493
325331 741270
314487 737258
401560 693985
45895 636188
430642 654224
303780 888648
6493 246700
392445 887220
367905 564914
255053 259206
90363 96735
833992 918387
98833 260354
73226 971733
124181 554914
443561 582350
641580 966405
345401 998747
254112 737845
397574 909472
349140 929505
848450 938717
96773 905727
488076 800612
23090 833476
87672 201676
415570 906781
342694 813143
332604 613151
568579 970568
353364 665352
722037 880722
313007 745126
538679 834573
314040 954248
69881 750534
139716 206790
271288 861752
87511 584295
123229 834412
216487 932601
646 519074
492942 754230
22907 679021
473647 865263
349103 580905
705968 997962
507594 922455
295172 980787
135228 928468
399865 480994
309496 993839
375453 681769
377003 825009
3927 201715
148701 162941
603718 754376
174705 709995
745564 790103
471871 771328
92954 466303
42548 995484
437868 873025
464181 573367
119262 584250
327742 810318
141709 176890
297906 386843
227676 433019
742936 786576
428503 951837
61502 350461
223485 773617
596431 638336
204647 678178
581372 782201
779185 809048
111975 160073
705549 734018
76764 463932
727816 746178
148745 840599
302888 589354
608258 956324
559927 903794
567173 962103
696121 854736
83708 289236
551765 983763
168473 968982
149405 199789
480680 537442
170936 246051
78479 723271
512343 971435
260670 549606
49721 92397
297768 946621
161929 447172
662761 820814
87956 452207
177717 258891
214609 523007
50262 57715
235074 827283
123672 158998
156069 173392
767747 970188
266840 905238
975464 992692
534459 585793
71519 393937
224817 638133
135240 137835
3349 853469
355182 649738
458225 544359
537050 751732
145668 277001
253243 744819
399006 503114
437248 705887
354442 561135
414603 780104
523879 872827
19136 638551
152050 298540
268573 405292
43359 990269
310125 442364
9734 634296
150190 210976
85117 539293
350147 751337
573894 843030
142738 593029
216430 451279
256772 526555
677202 875735
229838 533736
471527 548096
181054 958522
961840 986090
512644 975201
1468 706198
239933 322929
127683 500996
570981 932263
656725 903117
49467 631299
612156 623075
222248 457034
554653 648127
96741 465163
545102 625632
335645 406740
376884 385111
399972 934869
74295 438521
60246 812894
201858 318337
438964 795818
835044 868085
43474 851163
134593 482950
95746 492112
354492 672343
503092 576828
649209 714118
582202 932709
508100 625675
108624 354830
270801 822056
534905 625292
494398 839910
122285 927484
391170 478772
148784 802686
535002 907586
184814 203904
345930 620970
368308 970905
13698 762951
388242 927423
538624 888900
774187 934539
487980 729507
566631 880699
24341 471494
693332 766105
322348 867361
258610 434132
440540 814229
543358 981232
62790 63332
176723 321399
13815 262797
391999 439650
487313 562634
66453 745255
486977 746181
606154 738773
69353 863194
544276 871427
616235 807963
487039 640936
190434 303797
565403 861891
2717 641923
204967 381055
185747 749242
252481 801981
73556 490029
130964 498020
143126 351582
102366 351839
342984 809151
171987 717897
582389 737389
579787 618158
421408 981399
486722 607154
246993 255554
60911 540620
587675 879549
164906 787439
406535 744693
196131 825592
388459 443123
81145 313944
218135 513158
83066 322161
249370 450428
195120 823495
372756 555018
38227 711626
537218 724782
477792 948264
151370 730119
402361 885856
750090 831371
487275 655436
276290 859339
323955 632177
34384 276532
379647 661441
368042 887481
37822 94847
674327 763016
783756 978588
363182 678233
399305 880085
672968 681694
192440 618184
346194 682304
157334 725840
540098 810899
305839 612551
416602 660117
379679 779783
245374 849186
983722 998133
264992 462195
578128 623925
302400 883966
60434 132505
498784 915134
211563 542622
354176 408351
615200 926282
111708 870979
333174 558509
568765 601603
387611 712494
422672 472757
655058 977108
345185 613883
633142 681920
577472 695939
375082 956108
442251 650625
262282 902384
843885 917339
47574 642752
437883 680715
81083 115293
184696 456164
119063 556602
325460 581427
513979 721302
226223 334634
258237 345285
513911 872061
295137 379078
520440 738654
553840 795410
351332 632707
31972 929921
209557 628989
146192 984146
559376 781362
644773 809282
80107 651750
656286 821601
315520 509090
575279 874895
214776 260115
162943 929246
311416 464424
273706 948203
124290 669469
83424 296927
7421 398943
192576 296081
623228 847994
492980 940913
405337 488225
247208 872282
348718 986190
143265 435661
223757 420134
340838 861137
683503 722051
413691 930710
594333 881539
139577 715383
123056 999723
379527 777438
32112 473031
576634 832117
252251 999449
249023 319377
41427 951786
349677 396222
234127 489253
111604 368780
137237 751011
347462 780733
253764 641833
211689 345982
958575 980291
345430 420761
147132 455617
751223 992607
350967 593013
182519 212748
13774 839769
35115 399583
568177 698598
218707 730520
219534 304342
886519 966688
274832 330279
322885 568195
31039 957324
286775 898357
66688 985646
866942 951603
680806 800388
343007 373831
80164 629782
743664 957192
78692 442252
21490 564849
262189 999722
786063 812644
713840 827971
169457 971150
344980 736224
65864 143090
270179 597989
248565 348870
430070 818780
159962 619378
58202 737026
202593 684646
33516 993050
237562 463585
40006 272876
356997 967320
64089 138001
675646 811643
83834 497489
354172 802779
698486 790630
253935 732001
31537 424358
213585 912108
232421 619302
329625 688462
325326 521622
16456 782826
331231 952264
629669 685402
576507 776062
533176 804796
152606 959090
150713 620264
843471 996689
518311 841533
467974 903092
457361 799205
958 126748
415183 993341
168428 508041
285754 701603
133058 418920
643089 684494
141165 486560
197534 482594
171708 232196
324127 639681
135288 297839
384868 956195
465887 802169
503771 653629
228320 574723
221708 762101
611976 864797
106878 701400
108022 572764
503568 932463
102443 282419
326479 330763
373493 548187
92863 985468
254960 280690
685977 973657
378577 958603
271670 875242
599684 669329
468041 513321
146628 556095
37063 418298
299181 808397
421552 595833
89844 872994
751160 973451
191657 948103
143691 358503
558180 869544
828203 998596
214945 249754
498649 945284
278767 777215
322737 631015
120817 792676
555029 682040
379144 984345
60324 181437
372514 888527
654632 807165
132997 669632
752448 928115
446847 809971
139789 285935
440985 740808
612923 618389
961986 992066
11388 179409
283032 900254
584287 979416
674034 822685
462121 550215
261266 979780
30429 845552
475547 550844
413822 699205
539798 604207
38241 518270
154421 455430
30225 635517
729536 762588
258547 848324
844445 955295
189097 796729
144888 793101
156927 299308
248530 703503
366895 697064
327283 625441
545387 688080
49164 777755
922014 973050
203883 537226
513732 958742
175882 658619
268194 849160
474279 516724
552662 925455
81419 435909
138870 925054
61349 200608
240844 923274
36619 50890
525984 599469
208968 794177
469902 780273
350076 531251
497232 963208
206038 254428
886481 912984
60787 587508
579061 992431
167429 426069
901849 996067
598447 887076
53698 462489
418421 632759
575179 850064
152444 609698
120485 570644
122116 466658
640082 887349
187552 754881
774424 837596
219754 709101
501223 647835
398118 413519
52623 885741
32071 144153
735805 854669
228992 404600
816133 961770
478463 947200
365346 496038
111386 731513
151377 829784
36355 720351
864503 967681
372280 936516
39349 775454
133533 475466
363709 611995
219387 798665
90471 212592
751400 838490
436407 884932
13278 285677
368783 538792
210063 558374
426968 617275
273014 646355
257766 862369
80076 754116
457962 810032
109026 325179
369519 898391
42002 909326
324571 398203
82165 185822
276392 403669
1984 235834
506301 678878
246042 800641
102450 974211
159604 427021
257658 741684
493869 529768
208646 782846
300313 683426
486229 611850
724130 814889
171049 201703
22038 130345
231869 279696
55689 882249
103192 430092
398769 828189
212938 319801
519578 941066
274 501561
629762 947068
134627 870243
761956 822027
71945 300346
468723 820166
96393 857103
393589 668433
98524 654471
373767 526552
170154 559122
318874 799916
506190 969852
670158 784497
84842 260601
849666 889757
34396 464542
60579 392067
337486 671951
138184 523996
223366 410125
755227 857420
263528 949431
93314 502116
125334 944379
592404 974793
481950 758165
143126 819435
859782 919267
244074 674935
85059 248485
324858 516447
382707 853205
431972 476021
420399 980427
48449 902348
238135 685059
120677 233308
217099 890613
346068 541956
163045 905640
477795 694040
79091 349467
329893 332497
40422 672675
803294 906922
4505 996414
499461 866924
54721 422871
326003 590579
17435 999508
417514 451975
3943 444294
277511 783258
569494 798367
181642 834391
8176 797064
568508 853038
443616 555353
214659 760937
73298 400626
400134 779819
59058 500829
387769 758048
57657 230197
299150 677990
188069 823677
475053 756576
179606 898448
23390 402692
232739 777495
619102 620507
51894 279805
149178 967880
24641 321885
103760 884627
53795 127149
420995 422771
423392 989240
702575 741881
98789 212575
556718 562016
533777 653886
29497 125909
261898 492068
835905 922287
99516 126934
203256 519281
300214 932918
722886 833990
103156 268734
760802 857545
296183 805412
569073 619447
262732 961776
705449 812436
81552 609626
526225 866676
14101 548805
217392 988473
474380 922840
800908 871875
756999 968812
213133 799575
567673 614120
53312 161012
542985 877246
117274 370797
410182 506031
72253 762021
93593 142462
168290 490321
104440 841493
2504 757346
634591 665732
65422 268217
552880 611151
66775 413490
43063 834667
463665 945778
94097 274381
31726 34386
216469 740213
450884 769348
108986 156715
363399 832719
294848 576565
120872 832127
337 504939
550857 838243
513879 667934
370681 380267
17935 665529
47672 309749
147992 159747
568753 720226
100492 360733
121313 573674
29165 250625
269075 379820
25716 643037
403684 703126
524977 533467
413266 892566
703333 910743
599829 848423
767447 952248
131113 958944
121585 357379
249945 737107
309867 487645
313756 756048
666791 774765
762814 771009
340524 464570
557783 978460
29661 71892
599768 855879
559537 913523
611926 826949
446962 795068
601713 958002
50561 320218
419409 428932
475544 716005
603078 605477
80986 623287
467470 983771
458124 476083
697823 841511
553173 690572
922928 989838
111667 938440
203216 211954
341902 512166
469317 557610
534711 538841
764533 775947
83909 203812
246169 877450
289993 449384
605756 721174
676119 947657
791735 935082
429323 749917
587941 832627
35886 679722
68416 145029
170376 314584
538831 976721
697894 956438
92242 963936
415369 944604
293582 800216
183708 410046
501531 918621
274650 880776
253795 343065
25805 940523
174000 564635
184951 925503
340087 400969
319590 728676
30258 278443
345535 463852
111691 659867
372566 723466
102254 607057
437322 656691
302661 318852
373605 384930
211639 262522
108395 830244
352192 861370
554464 928386
7197 291538
524090 827946
989 886062
764713 852304
394828 436894
713511 951954
55571 708395
570007 636680
103110 832559
102322 984740
102308 375853
390460 716354
615671 790295
343957 726540
326765 573819
687788 843247
71915 743359
67993 490356
156571 208233
40792 565197
408356 661278
299008 690736
187173 503147
50334 259087
265794 401084
125668 374693
939889 991871
342261 397290
659454 718064
470360 633682
102021 307130
64631 573133
735968 846777
55182 500240
299046 511423
392074 895423
301597 850032
213106 253463
